32 32
..........@......@...@.@........
@...@.@@...........@.@...@......
..............@........@@...@...
.....@.@..........@..........@..
.@@...........@@.@......@..@....
......@..@.@..@@......@....@..@@
......@..@@........@.......@...@
.@...@...............@@...@..@..
......@.........@.......@.@.....
..@.@............@.@.......@@...
@.@.........@.@.......@...@.....
............@.....@.@.@.......@.
..@.....@.@.@@.@..........@.....
.@................@.@.....@...@.
...@@@.......@.........@........
........@....@.@.@..@...........
..@...@........@....@..@@@....@.
.@......@@@..@.@..@.@..@@....@@@
@.........@........@..@......@@@
......@...@..@..@.@...@...@.....
.@.@........@.........@@.@...@..
.......@.@........@..@@@..@@@...
..@.@..@....@......@..........@.
.......@.....@....@...@.@.@@....
.................@...@.@..@.@...
................@........@..@..@
.@......@.@.........@@.........@
..@..@..@.......................
@..@@......@...@...@.........@@@
@....@....@....@.@.@...@......@@
@@.@..@@.@.@@.....@........@....
@@.............@..@.........@...
80
20 5 22 3
12 14 14 19
9 1 14 14
3 22 28 20
14 11 30 31
16 13 10 21
25 17 22 13
5 21 15 25
29 14 8 20
8 18 25 6
31 19 5 8
15 2 25 26
21 10 26 2
17 28 15 24
30 8 31 2
24 29 27 31
19 11 18 5
2 0 23 23
19 5 13 5
1 16 25 21
27 17 1 29
26 18 4 26
17 25 18 27
14 17 25 3
4 29 3 31
6 18 20 28
4 6 23 1
10 5 20 13
8 19 29 1
0 5 3 23
11 4 10 30
28 23 17 14
12 4 26 26
22 29 0 5
24 25 20 2
30 2 29 2
22 25 20 31
27 3 29 21
15 14 13 25
6 24 27 0
7 11 22 27
14 7 9 25
7 25 9 22
0 9 12 14
21 8 11 25
16 29 16 7
22 5 19 17
0 27 31 20
31 31 11 13
16 28 22 31
3 26 16 26
24 31 26 11
29 12 12 29
2 19 3 16
30 21 9 7
25 5 31 3
19 25 15 7
7 12 28 1
9 9 24 1
29 1 0 19
2 27 13 2
4 11 11 0
5 13 3 8
11 25 16 21
5 16 22 14
31 20 24 27
10 13 4 19
10 21 13 27
13 9 12 6
4 0 13 29
8 7 25 10
28 16 0 22
0 24 2 20
1 20 29 3
3 2 20 0
8 25 30 2
18 11 26 0
7 6 25 29
14 0 20 24
11 26 9 18